 12.246801 23.511121   3.7091436  2.1764069
 7.0481969  6.1681312  1.3842879 -0.4713056
-3.0928509 -0.7124293  0.1899543 -0.0948302
-1.2935699  0.2640897  0.0647574 -0.1372124
 0.0884275 -0.2602568 -0.0045988 -0.0509513
-0.0274394  0.0211500  0.0295777  0.0340843
-0.2723690  0.2260950  0.1237925 -0.0056936


-1.0729358  1.0434480  0.4866616 -0.2832799
 0.1829594 -0.3088645 -0.4396647 -0.0853116
 0.6604424 -0.6493409 -0.3368631  0.0876408
 0.1005881  0.3886247  0.2038886  0.0708100
-0.3857214 -0.0406112  0.0022551 -0.0345108
-0.3237388 -0.0072146  0.0360084 -0.0328183